world=world
cancelled=false
center-x=-3594.178159541439
center-z=408.05523415315
radius=2500.0
radius-z=2000.0
shape=circle
pattern=region
chunks=9082
time=409899
