world=world
cancelled=true
center-x=-3594.178159541439
center-z=408.05523415315
radius=2500.0
radius-z=2000.0
shape=circle
pattern=region
chunks=99175
time=3792410
